Downloading https://services.gradle.org/distributions/gradle-9.1.0-bin.zip
............10%.............20%.............30%.............40%.............50%............60%.............70%.............80%.............90%.............100%

Welcome to Gradle 9.1.0!

Here are the highlights of this release:
 - Full Java 25 support
 - Native task graph visualization
 - Enhanced console output

For more details see https://docs.gradle.org/9.1.0/release-notes.html

Starting a Gradle Daemon (subsequent builds will be faster)

> Configure project :
w: file:///home/runner/work/mds-edc/mds-edc/build.gradle.kts:172:42: 'fun DependencyHandler.create(group: String, name: String, version: String? = ..., configuration: String? = ..., classifier: String? = ..., ext: String? = ...): ExternalModuleDependency' is deprecated. Use single-string notation instead.

> Task :compileJava NO-SOURCE
> Task :processResources NO-SOURCE
> Task :classes UP-TO-DATE
> Task :compileTestJava NO-SOURCE
> Task :processTestResources NO-SOURCE
> Task :testClasses UP-TO-DATE
> Task :tck NO-SOURCE
> Task :extensions:compileJava NO-SOURCE
> Task :extensions:processResources NO-SOURCE
> Task :extensions:classes UP-TO-DATE
> Task :extensions:compileTestJava NO-SOURCE
> Task :extensions:processTestResources NO-SOURCE
> Task :extensions:testClasses UP-TO-DATE
> Task :extensions:tck NO-SOURCE
> Task :launchers:compileJava NO-SOURCE
> Task :launchers:processResources NO-SOURCE
> Task :launchers:classes UP-TO-DATE
> Task :launchers:compileTestJava NO-SOURCE
> Task :launchers:processTestResources NO-SOURCE
> Task :launchers:testClasses UP-TO-DATE
> Task :launchers:tck NO-SOURCE
> Task :tests:compileJava NO-SOURCE
> Task :tests:processResources NO-SOURCE
> Task :tests:classes UP-TO-DATE
> Task :tests:jar
> Task :tests:compileTestFixturesJava
> Task :tests:processTestFixturesResources NO-SOURCE
> Task :tests:testFixturesClasses
> Task :tests:testFixturesJar
> Task :extensions:agreements:retirement-evaluation-spi:compileJava
> Task :extensions:logging-house-publisher:compileJava

> Task :extensions:manual-negotiation-approval:compileJava

> Task :extensions:semantic-validator:compileJava

> Task :extensions:agreements:retirement-evaluation-api:compileJava

> Task :extensions:agreements:retirement-evaluation-core:compileJava

> Task :extensions:kafka:data-plane-kafka-spi:compileJava
> Task :extensions:kafka:data-plane-kafka:compileJava
> Task :extensions:policy:policy-always-true:compileJava
> Task :extensions:policy:policy-referring-connector:compileJava
> Task :extensions:policy:policy-time-interval:compileJava
> Task :launchers:launcher-base:compileJava NO-SOURCE
> Task :launchers:launcher-base:processResources NO-SOURCE
> Task :launchers:launcher-base:classes UP-TO-DATE
> Task :launchers:launcher-base:jar
> Task :launchers:connector-inmemory:compileJava NO-SOURCE
> Task :launchers:connector-inmemory:processResources NO-SOURCE
> Task :launchers:connector-inmemory:classes UP-TO-DATE
> Task :launchers:connector-inmemory:jar
> Task :launchers:connector-tck:compileJava NO-SOURCE
> Task :launchers:connector-tck:processResources NO-SOURCE
> Task :launchers:connector-tck:classes UP-TO-DATE
> Task :launchers:connector-tck:jar

> Task :extensions:database-schema-migration-connector:compileJava

> Task :extensions:agreements:retirement-evaluation-store-sql:compileJava

> Task :extensions:daps:oauth2-daps:compileJava
> Task :extensions:daps:oauth2-identity-service:compileJava
> Task :launchers:connector-vault-postgresql:compileJava NO-SOURCE
> Task :launchers:connector-vault-postgresql:processResources NO-SOURCE
> Task :launchers:connector-vault-postgresql:classes UP-TO-DATE
> Task :launchers:connector-vault-postgresql:jar
> Task :launchers:connector-vault-postgresql-edp:compileJava NO-SOURCE
> Task :launchers:connector-vault-postgresql-edp:processResources NO-SOURCE
> Task :launchers:connector-vault-postgresql-edp:classes UP-TO-DATE
> Task :launchers:connector-vault-postgresql-edp:jar

> Task :tests:compileTestJava

> Task :tests:processTestResources
> Task :tests:testClasses

> Task :tests:tck

DspTckTest STANDARD_OUT
    [0;32mINFO 2025-12-16T15:32:55.729612953 Starting runtime CUT[0m
    [0;32m[CUT] INFO 2025-12-16T15:32:55.739469916 Booting EDC runtime[0m
    [0;34m[CUT] DEBUG 2025-12-16T15:32:55.792063867 ConfigurationExtension Initialized: org.eclipse.edc.junit.extensions.EmbeddedRuntime$$Lambda/0x00007ff2a82c6de0[0m
    [0;34m[CUT] DEBUG 2025-12-16T15:32:55.80564187 ConfigurationExtension Initialized: org.eclipse.edc.junit.extensions.EmbeddedRuntime$$Lambda/0x00007ff2a82c6de0[0m
    [0;33m[CUT] WARNING 2025-12-16T15:32:55.808504743 Configuration file does not exist: dataspaceconnector-configuration.properties. Ignoring.[0m
    [0;34m[CUT] DEBUG 2025-12-16T15:32:55.808843454 ConfigurationExtension Initialized: FS Configuration[0m
    [0;34m[CUT] DEBUG 2025-12-16T15:32:55.959334577 Initialized Boot Services[0m
    [0;33m[CUT] WARNING 2025-12-16T15:32:55.963337915 Using the InMemoryVault is not suitable for production scenarios and should be replaced with an actual Vault![0m
    [0;34m[CUT] DEBUG 2025-12-16T15:32:55.964861353 Storing secret public-key-alias[0m
    [0;34m[CUT] DEBUG 2025-12-16T15:32:55.965065423 Storing secret private-key-alias[0m
    [0;34m[CUT] DEBUG 2025-12-16T15:32:55.965243184 Initialized eu.dataspace.connector.tests.SeedVault$1[0m
    [0;34m[CUT] DEBUG 2025-12-16T15:32:55.966461103 Config value: no setting found for 'edc.http.client.https.enforce', falling back to default value 'false'[0m
    [0;34m[CUT] DEBUG 2025-12-16T15:32:55.966923104 Config value: no setting found for 'edc.http.client.timeout.connect', falling back to default value '30'[0m
    [0;34m[CUT] DEBUG 2025-12-16T15:32:55.967230627 Config value: no setting found for 'edc.http.client.timeout.read', falling back to default value '30'[0m
    [0;34m[CUT] DEBUG 2025-12-16T15:32:55.967807622 Config value: no setting found for 'edc.http.client.send.buffer.size', falling back to default value '0'[0m
    [0;34m[CUT] DEBUG 2025-12-16T15:32:55.968182891 Config value: no setting found for 'edc.http.client.receive.buffer.size', falling back to default value '0'[0m
    [0;34m[CUT] DEBUG 2025-12-16T15:32:55.971673549 Config value: no setting found for 'edc.core.retry.backoff.min', falling back to default value '500'[0m
    [0;34m[CUT] DEBUG 2025-12-16T15:32:55.972446448 Config value: no setting found for 'edc.core.retry.backoff.max', falling back to default value '10000'[0m
    [0;34m[CUT] DEBUG 2025-12-16T15:32:55.973074068 Config value: no setting found for 'edc.core.retry.log.on.retry', falling back to default value 'false'[0m
    [0;34m[CUT] DEBUG 2025-12-16T15:32:55.973714862 Config value: no setting found for 'edc.core.retry.log.on.retry.scheduled', falling back to default value 'false'[0m
    [0;34m[CUT] DEBUG 2025-12-16T15:32:55.974018156 Config value: no setting found for 'edc.core.retry.log.on.retries.exceeded', falling back to default value 'false'[0m
    [0;34m[CUT] DEBUG 2025-12-16T15:32:55.974318246 Config value: no setting found for 'edc.core.retry.log.on.failed.attempt', falling back to default value 'false'[0m
    [0;34m[CUT] DEBUG 2025-12-16T15:32:55.97465878 Config value: no setting found for 'edc.core.retry.log.on.abort', falling back to default value 'false'[0m
    [0;34m[CUT] DEBUG 2025-12-16T15:32:55.975236997 Initialized Runtime Default Core Services[0m
    [0;32m[CUT] INFO 2025-12-16T15:32:56.008779675 HTTPS enforcement it not enabled, please enable it in a production environment[0m
    [0;33m[CUT] WARNING 2025-12-16T15:32:56.030542087 Config value: no setting found for 'edc.hostname', falling back to default value 'localhost'[0m
    [0;34m[CUT] DEBUG 2025-12-16T15:32:56.03103758 Initialized Runtime Core Services[0m
    [0;34m[CUT] DEBUG 2025-12-16T15:32:56.037492004 Config value: no setting found for 'edc.agent.identity.key', falling back to default value 'client_id'[0m
    [0;34m[CUT] DEBUG 2025-12-16T15:32:56.038303135 Initialized Mock IAM[0m
    [0;34m[CUT] DEBUG 2025-12-16T15:32:56.039113906 Initialized Control Plane Default Services[0m
    [0;33m[CUT] WARNING 2025-12-16T15:32:56.042509472 No TransactionContext registered, a no-op implementation will be used, not suitable for production environments[0m
    [0;34m[CUT] DEBUG 2025-12-16T15:32:56.043366238 Initialized DSP TCK Guard[0m
    [0;34m[CUT] DEBUG 2025-12-16T15:32:56.059158097 Initialized DSP TCK Identity[0m
    [0;33m[CUT] WARNING 2025-12-16T15:32:56.061074427 A service of the type org.eclipse.edc.spi.iam.AudienceResolver was already registered and has now been replaced with a TckIdentityExtension$$Lambda/0x00007ff2a83430b0 instance.[0m
    [0;33m[CUT] WARNING 2025-12-16T15:32:56.061792915 A service of the type org.eclipse.edc.spi.iam.IdentityService was already registered and has now been replaced with a NoopIdentityService instance.[0m
    [0;34m[CUT] DEBUG 2025-12-16T15:32:56.061992297 Initialized Core Default Services[0m
    [0;34m[CUT] DEBUG 2025-12-16T15:32:56.063255976 Initialized Core Services[0m
    [0;34m[CUT] DEBUG 2025-12-16T15:32:56.067729129 Initialized org.eclipse.edc.connector.controlplane.contract.ContractNegotiationDefaultServicesExtension[0m
    [0;34m[CUT] DEBUG 2025-12-16T15:32:56.070105035 Config value: no setting found for 'edc.negotiation.consumer.state-machine.iteration-wait-millis', falling back to default value '1000'[0m
    [0;34m[CUT] DEBUG 2025-12-16T15:32:56.070531019 Config value: no setting found for 'edc.negotiation.consumer.state-machine.batch-size', falling back to default value '20'[0m
    [0;34m[CUT] DEBUG 2025-12-16T15:32:56.070926746 Config value: no setting found for 'edc.negotiation.consumer.send.retry.limit', falling back to default value '7'[0m
    [0;34m[CUT] DEBUG 2025-12-16T15:32:56.071253064 Config value: no setting found for 'edc.negotiation.consumer.send.retry.base-delay.ms', falling back to default value '1000'[0m
    [0;34m[CUT] DEBUG 2025-12-16T15:32:56.076030364 Config value: no setting found for 'edc.negotiation.state-machine.iteration-wait-millis', falling back to default value '1000'[0m
    [0;34m[CUT] DEBUG 2025-12-16T15:32:56.077637819 Config value: no setting found for 'edc.negotiation.provider.state-machine.iteration-wait-millis', falling back to default value '1000'[0m
    [0;34m[CUT] DEBUG 2025-12-16T15:32:56.077948628 Config value: no setting found for 'edc.negotiation.provider.state-machine.batch-size', falling back to default value '20'[0m
    [0;34m[CUT] DEBUG 2025-12-16T15:32:56.078274775 Config value: no setting found for 'edc.negotiation.provider.send.retry.limit', falling back to default value '7'[0m
    [0;34m[CUT] DEBUG 2025-12-16T15:32:56.078592517 Config value: no setting found for 'edc.negotiation.provider.send.retry.base-delay.ms', falling back to default value '1000'[0m
    [0;34m[CUT] DEBUG 2025-12-16T15:32:56.083570431 Initialized Contract Manager[0m
    [0;34m[CUT] DEBUG 2025-12-16T15:32:56.084101721 Initialized Transfer Process Default Services[0m
    [0;34m[CUT] DEBUG 2025-12-16T15:32:56.087216623 Config value: no setting found for 'edc.transfer.state-machine.iteration-wait-millis', falling back to default value '1000'[0m
    [0;34m[CUT] DEBUG 2025-12-16T15:32:56.087460959 Config value: no setting found for 'edc.transfer.state-machine.batch-size', falling back to default value '20'[0m
    [0;34m[CUT] DEBUG 2025-12-16T15:32:56.087669357 Config value: no setting found for 'edc.transfer.send.retry.limit', falling back to default value '7'[0m
    [0;34m[CUT] DEBUG 2025-12-16T15:32:56.08795553 Config value: no setting found for 'edc.transfer.send.retry.base-delay.ms', falling back to default value '1000'[0m
    [0;34m[CUT] DEBUG 2025-12-16T15:32:56.092021598 Initialized Transfer Manager[0m
    [0;34m[CUT] DEBUG 2025-12-16T15:32:56.092594665 Initialized Catalog Default Services[0m
    [0;34m[CUT] DEBUG 2025-12-16T15:32:56.093709392 Initialized Catalog Core[0m
    [0;34m[CUT] DEBUG 2025-12-16T15:32:56.100945302 Initialized Contract Core[0m
    [0;34m[CUT] DEBUG 2025-12-16T15:32:56.101562332 Config value: no setting found for 'edc.policy.validation.enabled', falling back to default value 'true'[0m
    [0;34m[CUT] DEBUG 2025-12-16T15:32:56.104530631 Initialized Control Plane Services[0m
    [0;34m[CUT] DEBUG 2025-12-16T15:32:56.117490715 Initialized DSP TCK Setup[0m
    [0;34m[CUT] DEBUG 2025-12-16T15:32:56.117967163 Config value: no setting found for 'edc.web.https.keystore.password', falling back to default value 'password'[0m
    [0;34m[CUT] DEBUG 2025-12-16T15:32:56.118327975 Config value: no setting found for 'edc.web.https.keymanager.password', falling back to default value 'password'[0m
    [0;34m[CUT] DEBUG 2025-12-16T15:32:56.120647476 Config value: no setting found for 'edc.web.https.keystore.type', falling back to default value 'PKCS12'[0m

DspTckTest STANDARD_ERROR
    SLF4J(W): No SLF4J providers were found.
    SLF4J(W): Defaulting to no-operation (NOP) logger implementation
    SLF4J(W): See https://www.slf4j.org/codes.html#noProviders for further details.

DspTckTest STANDARD_OUT
    [0;34m[CUT] DEBUG 2025-12-16T15:32:56.238811028 Initialized Jetty Service[0m
    [0;34m[CUT] DEBUG 2025-12-16T15:32:56.240625538 Initialized Jersey Web Service[0m
    [0;34m[CUT] DEBUG 2025-12-16T15:32:56.242127436 Initialized DSP TCK Controller[0m
    [0;34m[CUT] DEBUG 2025-12-16T15:32:56.242413008 Initialized org.eclipse.edc.connector.core.SecurityDefaultServicesExtension[0m
    [0;34m[CUT] DEBUG 2025-12-16T15:32:56.273731372 Initialized org.eclipse.edc.connector.core.LocalPublicKeyDefaultExtension[0m
    [0;34m[CUT] DEBUG 2025-12-16T15:32:56.274909076 Initialized org.eclipse.edc.token.TokenServicesExtension[0m
    [0;34m[CUT] DEBUG 2025-12-16T15:32:56.276331326 Initialized Data Plane Framework Default Services[0m
    [0;34m[CUT] DEBUG 2025-12-16T15:32:56.279358285 Initialized Data Plane Default IAM Services[0m
    [0;34m[CUT] DEBUG 2025-12-16T15:32:56.279643065 DataPlane Access Control: default implementation is used, will always return Result.success()[0m
    [0;34m[CUT] DEBUG 2025-12-16T15:32:56.282310605 Initialized Data Plane IAM[0m
    [0;34m[CUT] DEBUG 2025-12-16T15:32:56.421639275 Storing secret private-key[0m
    [0;34m[CUT] DEBUG 2025-12-16T15:32:56.422117696 Storing secret public-key[0m
    [0;34m[CUT] DEBUG 2025-12-16T15:32:56.422302711 Initialized org.eclipse.edc.tck.dsp.transfer.TckDataPlaneExtension[0m
    [0;34m[CUT] DEBUG 2025-12-16T15:32:56.422480562 Initialized Api Core Default Services[0m
    [0;34m[CUT] DEBUG 2025-12-16T15:32:56.423662524 Config value: no setting found for 'edc.api.auth.dac.validation.tolerance', falling back to default value '5000'[0m
    [0;34m[CUT] DEBUG 2025-12-16T15:32:56.423969767 Config value: no setting found for 'edc.api.auth.dac.cache.validity', falling back to default value '300000'[0m
    [0;33m[CUT] WARNING 2025-12-16T15:32:56.424634686 [Delegated API Authentication] No audience configured for delegated authentication, defaulting to the participantId[0m
    [0;34m[CUT] DEBUG 2025-12-16T15:32:56.426127035 Initialized Delegating Authentication Service Extension[0m
    [0;34m[CUT] DEBUG 2025-12-16T15:32:56.426432054 Initialized Control Plane HTTP API client[0m
    [0;34m[CUT] DEBUG 2025-12-16T15:32:56.427785612 Config value: no setting found for 'edc.dataplane.state-machine.iteration-wait-millis', falling back to default value '1000'[0m
    [0;34m[CUT] DEBUG 2025-12-16T15:32:56.428003909 Config value: no setting found for 'edc.dataplane.state-machine.batch-size', falling back to default value '20'[0m
    [0;34m[CUT] DEBUG 2025-12-16T15:32:56.428193683 Config value: no setting found for 'edc.dataplane.send.retry.limit', falling back to default value '7'[0m
    [0;34m[CUT] DEBUG 2025-12-16T15:32:56.428381783 Config value: no setting found for 'edc.dataplane.send.retry.base-delay.ms', falling back to default value '1000'[0m
    [0;34m[CUT] DEBUG 2025-12-16T15:32:56.429754831 Config value: no setting found for 'edc.dataplane.transfer.threads', falling back to default value '20'[0m
    [0;34m[CUT] DEBUG 2025-12-16T15:32:56.431697179 Config value: no setting found for 'edc.dataplane.state-machine.flow.lease.time', falling back to default value '500'[0m
    [0;34m[CUT] DEBUG 2025-12-16T15:32:56.431937226 Config value: no setting found for 'edc.dataplane.state-machine.flow.lease.factor', falling back to default value '5'[0m
    [0;34m[CUT] DEBUG 2025-12-16T15:32:56.43695238 Initialized Data Plane Framework[0m
    [0;34m[CUT] DEBUG 2025-12-16T15:32:56.437587272 Config value: no setting found for 'edc.dataplane.http.sink.partition.size', falling back to default value '5'[0m
    [0;34m[CUT] DEBUG 2025-12-16T15:32:56.441124882 Initialized Data Plane HTTP[0m
    [0;34m[CUT] DEBUG 2025-12-16T15:32:56.441421425 Initialized OAuth2 Client[0m
    [0;34m[CUT] DEBUG 2025-12-16T15:32:56.445215794 Initialized Data Plane HTTP OAuth2[0m
    [0;34m[CUT] DEBUG 2025-12-16T15:32:56.504710308 Initialized Observability API[0m
    [0;34m[CUT] DEBUG 2025-12-16T15:32:56.506167333 Initialized org.eclipse.edc.validator.dataaddress.httpdata.HttpDataDataAddressValidatorExtension[0m
    [0;34m[CUT] DEBUG 2025-12-16T15:32:56.506594619 Config value: no setting found for 'edc.jsonld.http.enabled', falling back to default value 'false'[0m
    [0;34m[CUT] DEBUG 2025-12-16T15:32:56.50687978 Config value: no setting found for 'edc.jsonld.vocab.disable', falling back to default value 'false'[0m
    [0;34m[CUT] DEBUG 2025-12-16T15:32:56.507139343 Config value: no setting found for 'edc.jsonld.prefixes.check', falling back to default value 'true'[0m
    [0;34m[CUT] DEBUG 2025-12-16T15:32:56.507373109 Config value: no setting found for 'edc.jsonld.https.enabled', falling back to default value 'false'[0m
    [0;34m[CUT] DEBUG 2025-12-16T15:32:56.508362021 Initialized JSON-LD Extension[0m
    [0;34m[CUT] DEBUG 2025-12-16T15:32:56.534219605 Initialized Data Plane Signaling Client[0m
    [0;34m[CUT] DEBUG 2025-12-16T15:32:56.535079557 Using embedded Data Plane client.[0m
    [0;34m[CUT] DEBUG 2025-12-16T15:32:56.535624522 Initialized Data Plane Selector Default Services[0m
    [0;34m[CUT] DEBUG 2025-12-16T15:32:56.537555599 Config value: no setting found for 'edc.data.plane.selector.state-machine.iteration-wait-millis', falling back to default value '1000'[0m
    [0;34m[CUT] DEBUG 2025-12-16T15:32:56.537794995 Config value: no setting found for 'edc.data.plane.selector.state-machine.batch-size', falling back to default value '20'[0m
    [0;34m[CUT] DEBUG 2025-12-16T15:32:56.537997432 Config value: no setting found for 'edc.data.plane.selector.send.retry.limit', falling back to default value '7'[0m
    [0;34m[CUT] DEBUG 2025-12-16T15:32:56.53816278 Config value: no setting found for 'edc.data.plane.selector.send.retry.base-delay.ms', falling back to default value '1000'[0m
    [0;34m[CUT] DEBUG 2025-12-16T15:32:56.538507903 Config value: no setting found for 'edc.data.plane.selector.state-machine.check.period', falling back to default value '60'[0m
    [0;34m[CUT] DEBUG 2025-12-16T15:32:56.539415855 Initialized Data Plane Selector core[0m
    [0;34m[CUT] DEBUG 2025-12-16T15:32:56.541882761 Initialized DataPlane Selector client[0m
    [0;34m[CUT] DEBUG 2025-12-16T15:32:56.545641994 Initialized Control API configuration[0m
    [0;34m[CUT] DEBUG 2025-12-16T15:32:56.546717788 Config value: no setting found for 'edc.dataplane.client.selector.strategy', falling back to default value 'random'[0m
    [0;34m[CUT] DEBUG 2025-12-16T15:32:56.548093581 Initialized org.eclipse.edc.connector.controlplane.transfer.dataplane.TransferDataPlaneSignalingExtension[0m
    [0;34m[CUT] DEBUG 2025-12-16T15:32:56.552750627 Initialized org.eclipse.edc.connector.dataplane.selector.DataPlaneSelectorApiExtension[0m
    [0;34m[CUT] DEBUG 2025-12-16T15:32:56.556563179 Initialized Data Plane Signaling transform Client[0m
    [0;34m[CUT] DEBUG 2025-12-16T15:32:56.55822241 Initialized Callback dispatcher extension[0m
    [0;34m[CUT] DEBUG 2025-12-16T15:32:56.560207058 Initialized Callback dispatcher http extension[0m
    [0;34m[CUT] DEBUG 2025-12-16T15:32:56.560881163 Initialized Static callbacks extension[0m
    [0;34m[CUT] DEBUG 2025-12-16T15:32:56.561153802 Initialized Endpoint Data Reference Core Default Services Extension[0m
    [0;34m[CUT] DEBUG 2025-12-16T15:32:56.56246282 Initialized org.eclipse.edc.edr.store.EndpointDataReferenceStoreExtension[0m
    [0;34m[CUT] DEBUG 2025-12-16T15:32:56.563655642 Config value: no setting found for 'edc.edr.receiver.sync', falling back to default value 'false'[0m
    [0;34m[CUT] DEBUG 2025-12-16T15:32:56.565269318 Initialized Endpoint Data Reference Store Receiver Extension[0m
    [0;34m[CUT] DEBUG 2025-12-16T15:32:56.571038797 Initialized API Core[0m
    [0;34m[CUT] DEBUG 2025-12-16T15:32:56.574732077 Initialized Dataplane Selector Control API[0m
    [0;34m[CUT] DEBUG 2025-12-16T15:32:56.578977406 Initialized DataPlane Signaling API extension[0m
    [0;34m[CUT] DEBUG 2025-12-16T15:32:56.591337663 Initialized Management API configuration[0m
    [0;34m[CUT] DEBUG 2025-12-16T15:32:56.592300566 Initialized Dataspace Protocol API Base Configuration Extension[0m
    [0;34m[CUT] DEBUG 2025-12-16T15:32:56.594831461 Initialized Dataspace Protocol API Configuration v08 Extension[0m
    [0;34m[CUT] DEBUG 2025-12-16T15:32:56.595204997 Config value: no setting found for 'edc.dsp.well-known-path.enabled', falling back to default value 'false'[0m
    [0;34m[CUT] DEBUG 2025-12-16T15:32:56.596969622 Initialized Dataspace Protocol API Configuration v2024/1 Extension[0m
    [0;34m[CUT] DEBUG 2025-12-16T15:32:56.598115737 Initialized Dataspace Protocol 2025/1 API Configuration Extension[0m
    [0;34m[CUT] DEBUG 2025-12-16T15:32:56.600883222 Initialized Dataspace Protocol Catalog Transform v08 Extension[0m
    [0;34m[CUT] DEBUG 2025-12-16T15:32:56.604730149 Initialized Dataspace Protocol Transfer Process Transform v08 Extension[0m
    [0;34m[CUT] DEBUG 2025-12-16T15:32:56.605564002 Initialized Dataspace Protocol Catalog Transform v2024/1 Extension[0m
    [0;34m[CUT] DEBUG 2025-12-16T15:32:56.607348587 Initialized Dataspace Protocol Transfer Process Transform v2024/1 Extension[0m
    [0;34m[CUT] DEBUG 2025-12-16T15:32:56.608376782 Initialized Dataspace Protocol 2025/1 Catalog Transform Extension[0m
    [0;34m[CUT] DEBUG 2025-12-16T15:32:56.608963435 Initialized Dataspace Protocol 2025/1 Transfer Process Transform Extension[0m
    [0;34m[CUT] DEBUG 2025-12-16T15:32:56.613191031 Initialized Dataspace Protocol Negotiation Transform v08 Extension[0m
    [0;34m[CUT] DEBUG 2025-12-16T15:32:56.615225431 Initialized Dataspace Protocol Negotiation Transform v2024/1 Extension[0m
    [0;34m[CUT] DEBUG 2025-12-16T15:32:56.616472274 Initialized Dataspace Protocol 2025/1 Negotiation Transform Extension[0m
    [0;34m[CUT] DEBUG 2025-12-16T15:32:56.61684051 Config value: no setting found for 'edc.dsp.well-known-path.enabled', falling back to default value 'false'[0m
    [0;34m[CUT] DEBUG 2025-12-16T15:32:56.617069346 Initialized Dataspace Protocol Core Extension[0m
    [0;33m[CUT] WARNING 2025-12-16T15:32:56.617869096 No TokenDecorator was registered. The 'scope' field of outgoing protocol messages will be empty[0m
    [0;34m[CUT] DEBUG 2025-12-16T15:32:56.625296823 Initialized Dataspace Protocol Catalog HTTP Dispatcher Extension[0m
    [0;34m[CUT] DEBUG 2025-12-16T15:32:56.627151759 Initialized Dataspace Protocol Negotiation HTTP Dispatcher Extension[0m
    [0;34m[CUT] DEBUG 2025-12-16T15:32:56.628160097 Initialized Dataspace Protocol Transfer HTTP Dispatcher Extension[0m
    [0;34m[CUT] DEBUG 2025-12-16T15:32:56.628562758 Initialized Dataspace Protocol Version HTTP Dispatcher Extension[0m
    [0;34m[CUT] DEBUG 2025-12-16T15:32:56.628788819 Initialized org.eclipse.edc.protocol.dsp.http.dispatcher.DspHttpDispatcherV08Extension[0m
    [0;34m[CUT] DEBUG 2025-12-16T15:32:56.629014099 Initialized org.eclipse.edc.protocol.dsp.http.dispatcher.DspHttpDispatcherV2024Extension[0m
    [0;34m[CUT] DEBUG 2025-12-16T15:32:56.629225963 Initialized org.eclipse.edc.protocol.dsp.http.dispatcher.DspHttpDispatcherV2025Extension[0m
    [0;34m[CUT] DEBUG 2025-12-16T15:32:56.630895003 Initialized Dataspace Protocol Version Api[0m
    [0;34m[CUT] DEBUG 2025-12-16T15:32:56.633997943 Initialized Dataspace Protocol Catalog v08 Extension[0m
    [0;34m[CUT] DEBUG 2025-12-16T15:32:56.638678783 Initialized Dataspace Protocol Negotiation Api v08[0m
    [0;34m[CUT] DEBUG 2025-12-16T15:32:56.641861903 Initialized org.eclipse.edc.protocol.dsp.transferprocess.http.api.DspTransferProcessApiV08Extension[0m
    [0;34m[CUT] DEBUG 2025-12-16T15:32:56.642561897 Initialized Dataspace Protocol Catalog v2024/1 Extension[0m
    [0;34m[CUT] DEBUG 2025-12-16T15:32:56.643079932 Initialized Dataspace Protocol Negotiation Api v2024/1[0m
    [0;34m[CUT] DEBUG 2025-12-16T15:32:56.643566579 Initialized org.eclipse.edc.protocol.dsp.transferprocess.http.api.DspTransferProcessApiV2024Extension[0m
    [0;34m[CUT] DEBUG 2025-12-16T15:32:56.644083101 Initialized Dataspace Protocol 2025/1 API Catalog Extension[0m
    [0;34m[CUT] DEBUG 2025-12-16T15:32:56.644567093 Initialized org.eclipse.edc.protocol.dsp.transferprocess.http.api.v2025.DspTransferProcessApi2025Extension[0m
    [0;34m[CUT] DEBUG 2025-12-16T15:32:56.645105897 Initialized Dataspace Protocol Negotiation Api v2025/1[0m
    [0;34m[CUT] DEBUG 2025-12-16T15:32:56.64526869 Initialized PolicyMonitor Default Services[0m
    [0;34m[CUT] DEBUG 2025-12-16T15:32:56.646421507 Config value: no setting found for 'edc.policy.monitor.state-machine.iteration-wait-millis', falling back to default value '1000'[0m
    [0;34m[CUT] DEBUG 2025-12-16T15:32:56.646631629 Config value: no setting found for 'edc.policy.monitor.state-machine.batch-size', falling back to default value '20'[0m
    [0;34m[CUT] DEBUG 2025-12-16T15:32:56.64684164 Config value: no setting found for 'edc.policy.monitor.send.retry.limit', falling back to default value '7'[0m
    [0;34m[CUT] DEBUG 2025-12-16T15:32:56.647062692 Config value: no setting found for 'edc.policy.monitor.send.retry.base-delay.ms', falling back to default value '1000'[0m
    [0;34m[CUT] DEBUG 2025-12-16T15:32:56.648434968 Initialized org.eclipse.edc.connector.policy.monitor.PolicyMonitorExtension[0m
    [0;34m[CUT] DEBUG 2025-12-16T15:32:56.649359731 Initialized Control Plane API[0m
    [0;34m[CUT] DEBUG 2025-12-16T15:32:56.65155454 Initialized Management API: Asset[0m
    [0;34m[CUT] DEBUG 2025-12-16T15:32:56.654448942 Initialized Management API: Catalog[0m
    [0;34m[CUT] DEBUG 2025-12-16T15:32:56.656067367 Initialized Management API: Contract Agreement[0m
    [0;34m[CUT] DEBUG 2025-12-16T15:32:56.659434871 Initialized Management API: Contract Definition[0m
    [0;34m[CUT] DEBUG 2025-12-16T15:32:56.664101584 Initialized Management API: Contract Negotiation[0m
    [0;34m[CUT] DEBUG 2025-12-16T15:32:56.665550383 Initialized Management API: EDR cache[0m
    [0;34m[CUT] DEBUG 2025-12-16T15:32:56.674968559 Initialized Management API: Policy Definition[0m
    [0;34m[CUT] DEBUG 2025-12-16T15:32:56.679750497 Initialized Management API: Transfer Process[0m
    [0;34m[CUT] DEBUG 2025-12-16T15:32:56.681222269 Initialized Management API: Protocol Version[0m
    [0;34m[CUT] DEBUG 2025-12-16T15:32:56.681799564 Initialized Contract Negotiation command handlers[0m
    [0;34m[CUT] DEBUG 2025-12-16T15:32:56.685091497 Initialized Transfer Core[0m
    [0;34m[CUT] DEBUG 2025-12-16T15:32:56.686505662 Initialized org.eclipse.edc.connector.controlplane.transfer.TransferProcessCommandExtension[0m
    [0;34m[CUT] DEBUG 2025-12-16T15:32:56.688673941 Initialized Management API: Version Information[0m
    [0;34m[CUT] DEBUG 2025-12-16T15:32:56.688989158 Config value: no setting found for 'edc.data.plane.self.unregistration', falling back to default value 'false'[0m
    [0;34m[CUT] DEBUG 2025-12-16T15:32:56.689246087 Initialized Dataplane Self Registration[0m
    [0;34m[CUT] DEBUG 2025-12-16T15:32:56.689702277 Initialized Static token API Authentication[0m
    [0;34m[CUT] DEBUG 2025-12-16T15:32:56.691171634 Initialized Api Authentication Configuration Extension[0m
    [0;34m[CUT] DEBUG 2025-12-16T15:32:56.69132482 Prepared Boot Services[0m
    [0;34m[CUT] DEBUG 2025-12-16T15:32:56.6914431 Prepared eu.dataspace.connector.tests.SeedVault$1[0m
    [0;34m[CUT] DEBUG 2025-12-16T15:32:56.691527397 Prepared Runtime Default Core Services[0m
    [0;34m[CUT] DEBUG 2025-12-16T15:32:56.691610902 Prepared Runtime Core Services[0m
    [0;34m[CUT] DEBUG 2025-12-16T15:32:56.691895713 Prepared Mock IAM[0m
    [0;34m[CUT] DEBUG 2025-12-16T15:32:56.691998755 Prepared Control Plane Default Services[0m
    [0;34m[CUT] DEBUG 2025-12-16T15:32:56.692920532 Prepared DSP TCK Guard[0m
    [0;34m[CUT] DEBUG 2025-12-16T15:32:56.693076613 Prepared DSP TCK Identity[0m
    [0;34m[CUT] DEBUG 2025-12-16T15:32:56.693184113 Prepared Core Default Services[0m
    [0;34m[CUT] DEBUG 2025-12-16T15:32:56.693946904 Prepared Core Services[0m
    [0;34m[CUT] DEBUG 2025-12-16T15:32:56.694095371 Prepared org.eclipse.edc.connector.controlplane.contract.ContractNegotiationDefaultServicesExtension[0m
    [0;34m[CUT] DEBUG 2025-12-16T15:32:56.69420796 Prepared Contract Manager[0m
    [0;34m[CUT] DEBUG 2025-12-16T15:32:56.694296566 Prepared Transfer Process Default Services[0m
    [0;34m[CUT] DEBUG 2025-12-16T15:32:56.694374822 Prepared Transfer Manager[0m
    [0;34m[CUT] DEBUG 2025-12-16T15:32:56.694471311 Prepared Catalog Default Services[0m
    [0;34m[CUT] DEBUG 2025-12-16T15:32:56.69456199 Prepared Catalog Core[0m
    [0;34m[CUT] DEBUG 2025-12-16T15:32:56.694660935 Prepared Contract Core[0m
    [0;34m[CUT] DEBUG 2025-12-16T15:32:56.694751203 Prepared Control Plane Services[0m
    [0;34m[CUT] DEBUG 2025-12-16T15:32:56.70940392 Prepared DSP TCK Setup[0m
    [0;34m[CUT] DEBUG 2025-12-16T15:32:56.709690083 Prepared Jetty Service[0m
    [0;34m[CUT] DEBUG 2025-12-16T15:32:56.709775312 Prepared Jersey Web Service[0m
    [0;34m[CUT] DEBUG 2025-12-16T15:32:56.709835494 Prepared DSP TCK Controller[0m
    [0;34m[CUT] DEBUG 2025-12-16T15:32:56.709901747 Prepared org.eclipse.edc.connector.core.SecurityDefaultServicesExtension[0m
    [0;34m[CUT] DEBUG 2025-12-16T15:32:56.710587745 Prepared org.eclipse.edc.connector.core.LocalPublicKeyDefaultExtension[0m
    [0;34m[CUT] DEBUG 2025-12-16T15:32:56.710718499 Prepared org.eclipse.edc.token.TokenServicesExtension[0m
    [0;34m[CUT] DEBUG 2025-12-16T15:32:56.710785013 Prepared Data Plane Framework Default Services[0m
    [0;34m[CUT] DEBUG 2025-12-16T15:32:56.710843592 Prepared Data Plane Default IAM Services[0m
    [0;34m[CUT] DEBUG 2025-12-16T15:32:56.710895889 Prepared Data Plane IAM[0m
    [0;34m[CUT] DEBUG 2025-12-16T15:32:56.710946674 Prepared org.eclipse.edc.tck.dsp.transfer.TckDataPlaneExtension[0m
    [0;34m[CUT] DEBUG 2025-12-16T15:32:56.711059133 Prepared Api Core Default Services[0m
    [0;34m[CUT] DEBUG 2025-12-16T15:32:56.711161554 Prepared Delegating Authentication Service Extension[0m
    [0;34m[CUT] DEBUG 2025-12-16T15:32:56.711267792 Prepared Control Plane HTTP API client[0m
    [0;34m[CUT] DEBUG 2025-12-16T15:32:56.711336821 Prepared Data Plane Framework[0m
    [0;34m[CUT] DEBUG 2025-12-16T15:32:56.711411981 Prepared Data Plane HTTP[0m
    [0;34m[CUT] DEBUG 2025-12-16T15:32:56.711471351 Prepared OAuth2 Client[0m
    [0;34m[CUT] DEBUG 2025-12-16T15:32:56.711523358 Prepared Data Plane HTTP OAuth2[0m
    [0;34m[CUT] DEBUG 2025-12-16T15:32:56.711573902 Prepared Observability API[0m
    [0;34m[CUT] DEBUG 2025-12-16T15:32:56.711625027 Prepared org.eclipse.edc.validator.dataaddress.httpdata.HttpDataDataAddressValidatorExtension[0m
    [0;34m[CUT] DEBUG 2025-12-16T15:32:56.711676193 Prepared JSON-LD Extension[0m
    [0;34m[CUT] DEBUG 2025-12-16T15:32:56.711725405 Prepared Data Plane Signaling Client[0m
    [0;34m[CUT] DEBUG 2025-12-16T15:32:56.711775608 Prepared Data Plane Selector Default Services[0m
    [0;34m[CUT] DEBUG 2025-12-16T15:32:56.711825551 Prepared Data Plane Selector core[0m
    [0;34m[CUT] DEBUG 2025-12-16T15:32:56.711876055 Prepared DataPlane Selector client[0m
    [0;34m[CUT] DEBUG 2025-12-16T15:32:56.711925427 Prepared Control API configuration[0m
    [0;34m[CUT] DEBUG 2025-12-16T15:32:56.71199122 Prepared org.eclipse.edc.connector.controlplane.transfer.dataplane.TransferDataPlaneSignalingExtension[0m
    [0;34m[CUT] DEBUG 2025-12-16T15:32:56.712044008 Prepared org.eclipse.edc.connector.dataplane.selector.DataPlaneSelectorApiExtension[0m
    [0;34m[CUT] DEBUG 2025-12-16T15:32:56.712110843 Prepared Data Plane Signaling transform Client[0m
    [0;34m[CUT] DEBUG 2025-12-16T15:32:56.712163982 Prepared Callback dispatcher extension[0m
    [0;34m[CUT] DEBUG 2025-12-16T15:32:56.712213073 Prepared Callback dispatcher http extension[0m
    [0;34m[CUT] DEBUG 2025-12-16T15:32:56.712262205 Prepared Static callbacks extension[0m
    [0;34m[CUT] DEBUG 2025-12-16T15:32:56.712310645 Prepared Endpoint Data Reference Core Default Services Extension[0m
    [0;34m[CUT] DEBUG 2025-12-16T15:32:56.712360377 Prepared org.eclipse.edc.edr.store.EndpointDataReferenceStoreExtension[0m
    [0;34m[CUT] DEBUG 2025-12-16T15:32:56.712460354 Prepared Endpoint Data Reference Store Receiver Extension[0m
    [0;34m[CUT] DEBUG 2025-12-16T15:32:56.712548788 Prepared API Core[0m
    [0;34m[CUT] DEBUG 2025-12-16T15:32:56.71262991 Prepared Dataplane Selector Control API[0m
    [0;34m[CUT] DEBUG 2025-12-16T15:32:56.712703577 Prepared DataPlane Signaling API extension[0m
    [0;34m[CUT] DEBUG 2025-12-16T15:32:56.712772415 Prepared Management API configuration[0m
    [0;34m[CUT] DEBUG 2025-12-16T15:32:56.712896566 Prepared Dataspace Protocol API Base Configuration Extension[0m
    [0;34m[CUT] DEBUG 2025-12-16T15:32:56.712985081 Prepared Dataspace Protocol API Configuration v08 Extension[0m
    [0;34m[CUT] DEBUG 2025-12-16T15:32:56.713062075 Prepared Dataspace Protocol API Configuration v2024/1 Extension[0m
    [0;34m[CUT] DEBUG 2025-12-16T15:32:56.713157603 Prepared Dataspace Protocol 2025/1 API Configuration Extension[0m
    [0;34m[CUT] DEBUG 2025-12-16T15:32:56.713253371 Prepared Dataspace Protocol Catalog Transform v08 Extension[0m
    [0;34m[CUT] DEBUG 2025-12-16T15:32:56.713342517 Prepared Dataspace Protocol Transfer Process Transform v08 Extension[0m
    [0;34m[CUT] DEBUG 2025-12-16T15:32:56.713475886 Prepared Dataspace Protocol Catalog Transform v2024/1 Extension[0m
    [0;34m[CUT] DEBUG 2025-12-16T15:32:56.713581302 Prepared Dataspace Protocol Transfer Process Transform v2024/1 Extension[0m
    [0;34m[CUT] DEBUG 2025-12-16T15:32:56.713678042 Prepared Dataspace Protocol 2025/1 Catalog Transform Extension[0m
    [0;34m[CUT] DEBUG 2025-12-16T15:32:56.713766567 Prepared Dataspace Protocol 2025/1 Transfer Process Transform Extension[0m
    [0;34m[CUT] DEBUG 2025-12-16T15:32:56.713860663 Prepared Dataspace Protocol Negotiation Transform v08 Extension[0m
    [0;34m[CUT] DEBUG 2025-12-16T15:32:56.71407963 Prepared Dataspace Protocol Negotiation Transform v2024/1 Extension[0m
    [0;34m[CUT] DEBUG 2025-12-16T15:32:56.714170449 Prepared Dataspace Protocol 2025/1 Negotiation Transform Extension[0m
    [0;34m[CUT] DEBUG 2025-12-16T15:32:56.714252012 Prepared Dataspace Protocol Core Extension[0m
    [0;34m[CUT] DEBUG 2025-12-16T15:32:56.714351116 Prepared Dataspace Protocol Catalog HTTP Dispatcher Extension[0m
    [0;34m[CUT] DEBUG 2025-12-16T15:32:56.714442436 Prepared Dataspace Protocol Negotiation HTTP Dispatcher Extension[0m
    [0;34m[CUT] DEBUG 2025-12-16T15:32:56.714630897 Prepared Dataspace Protocol Transfer HTTP Dispatcher Extension[0m
    [0;34m[CUT] DEBUG 2025-12-16T15:32:56.714717148 Prepared Dataspace Protocol Version HTTP Dispatcher Extension[0m
    [0;34m[CUT] DEBUG 2025-12-16T15:32:56.714789062 Prepared org.eclipse.edc.protocol.dsp.http.dispatcher.DspHttpDispatcherV08Extension[0m
    [0;34m[CUT] DEBUG 2025-12-16T15:32:56.71486862 Prepared org.eclipse.edc.protocol.dsp.http.dispatcher.DspHttpDispatcherV2024Extension[0m
    [0;34m[CUT] DEBUG 2025-12-16T15:32:56.714987512 Prepared org.eclipse.edc.protocol.dsp.http.dispatcher.DspHttpDispatcherV2025Extension[0m
    [0;34m[CUT] DEBUG 2025-12-16T15:32:56.715064595 Prepared Dataspace Protocol Version Api[0m
    [0;34m[CUT] DEBUG 2025-12-16T15:32:56.716000298 Prepared Dataspace Protocol Catalog v08 Extension[0m
    [0;34m[CUT] DEBUG 2025-12-16T15:32:56.716118679 Prepared Dataspace Protocol Negotiation Api v08[0m
    [0;34m[CUT] DEBUG 2025-12-16T15:32:56.716248591 Prepared org.eclipse.edc.protocol.dsp.transferprocess.http.api.DspTransferProcessApiV08Extension[0m
    [0;34m[CUT] DEBUG 2025-12-16T15:32:56.716429087 Prepared Dataspace Protocol Catalog v2024/1 Extension[0m
    [0;34m[CUT] DEBUG 2025-12-16T15:32:56.716519105 Prepared Dataspace Protocol Negotiation Api v2024/1[0m
    [0;34m[CUT] DEBUG 2025-12-16T15:32:56.716591911 Prepared org.eclipse.edc.protocol.dsp.transferprocess.http.api.DspTransferProcessApiV2024Extension[0m
    [0;34m[CUT] DEBUG 2025-12-16T15:32:56.716824724 Prepared Dataspace Protocol 2025/1 API Catalog Extension[0m
    [0;34m[CUT] DEBUG 2025-12-16T15:32:56.716918058 Prepared org.eclipse.edc.protocol.dsp.transferprocess.http.api.v2025.DspTransferProcessApi2025Extension[0m
    [0;34m[CUT] DEBUG 2025-12-16T15:32:56.717005471 Prepared Dataspace Protocol Negotiation Api v2025/1[0m
    [0;34m[CUT] DEBUG 2025-12-16T15:32:56.717087544 Prepared PolicyMonitor Default Services[0m
    [0;34m[CUT] DEBUG 2025-12-16T15:32:56.717158957 Prepared org.eclipse.edc.connector.policy.monitor.PolicyMonitorExtension[0m
    [0;34m[CUT] DEBUG 2025-12-16T15:32:56.717236601 Prepared Control Plane API[0m
    [0;34m[CUT] DEBUG 2025-12-16T15:32:56.717310008 Prepared Management API: Asset[0m
    [0;34m[CUT] DEBUG 2025-12-16T15:32:56.717377263 Prepared Management API: Catalog[0m
    [0;34m[CUT] DEBUG 2025-12-16T15:32:56.71747167 Prepared Management API: Contract Agreement[0m
    [0;34m[CUT] DEBUG 2025-12-16T15:32:56.717542862 Prepared Management API: Contract Definition[0m
    [0;34m[CUT] DEBUG 2025-12-16T15:32:56.717611279 Prepared Management API: Contract Negotiation[0m
    [0;34m[CUT] DEBUG 2025-12-16T15:32:56.717683845 Prepared Management API: EDR cache[0m
    [0;34m[CUT] DEBUG 2025-12-16T15:32:56.717758985 Prepared Management API: Policy Definition[0m
    [0;34m[CUT] DEBUG 2025-12-16T15:32:56.717829556 Prepared Management API: Transfer Process[0m
    [0;34m[CUT] DEBUG 2025-12-16T15:32:56.717906549 Prepared Management API: Protocol Version[0m
    [0;34m[CUT] DEBUG 2025-12-16T15:32:56.717977381 Prepared Contract Negotiation command handlers[0m
    [0;34m[CUT] DEBUG 2025-12-16T15:32:56.718050267 Prepared Transfer Core[0m
    [0;34m[CUT] DEBUG 2025-12-16T15:32:56.718120598 Prepared org.eclipse.edc.connector.controlplane.transfer.TransferProcessCommandExtension[0m
    [0;34m[CUT] DEBUG 2025-12-16T15:32:56.718194165 Prepared Management API: Version Information[0m
    [0;34m[CUT] DEBUG 2025-12-16T15:32:56.718272501 Prepared Dataplane Self Registration[0m
    [0;34m[CUT] DEBUG 2025-12-16T15:32:56.718342021 Prepared Static token API Authentication[0m
    [0;34m[CUT] DEBUG 2025-12-16T15:32:56.720190945 Configured tokenbased authentication for context management[0m
